1329557930 237
1329558327 398
1329559755 400
1329560949 399
1329569686 724
1329569828 873
1329569892 874
1329571350 884
1329571505 929
1329574329 1207
1329574485 1250
1329574577 1248
1329575006 1253
1329575016 1268
1329575998 1320
1329576006 1320
1329576504 1326
1329576518 1339
1329577016 1349
1329577024 1349
1329577394 1374
1329577411 1374
1329577620 1374
1329577774 1375
1329578361 1402
1329579458 1416
1329579466 1416
1329580475 1419
1329580503 1419
1329581205 1432
1329582058 1444
1329582072 1444
1329582372 1457
1329582380 1457
1329582559 1457
1329582764 1457
1329582950 1457
1329584958 1468
1329585061 1650
1329585135 1643
1329585735 1688
1329585742 1688
1329585890 1741
1329586822 1762
1329586837 1762
1329586914 1763
1329587783 1763
1329587791 1483
1329589872 1472
1329589921 1454
1329590186 1454
1329641347 1450
1329657741 2612
1329657747 3494
1329658540 3494
1329669671 3573
1329669779 2252
1329670173 2876
